mean:	0.012274921547309822
std:	1.0069750435448537